# Mesh point coordinates
-0.27549444186070404 8.5811058643090996e-017 
-0.24544508297796735 0.025830514505373981 
-0.24434086808802682 0.030171253625553968 
-0.28999999999999992 8.6736173798064867e-017 
-0.24963540348295829 0.020760844453937399 
-0.25278452465730644 0.010790047853559378 
-0.26092965909831323 8.4882166342340202e-017 
-0.24168547859415851 0.021227492056268175 
-0.24050953283076226 0.027605870932334037 
-0.24038577408946593 0.032770898552810131 
-0.24050414984061397 0.037553311467101502 
-0.24576009377739294 0.03489628872070627 
-0.24511791544420641 0.039683292747283452 
-0.26668191537680264 0.011040636005386288 
-0.27919959431070868 0.010679382346826593 
-0.2510531524325752 0.029397778667071391 
-0.25958042859754399 0.021659037646569464 
-0.28999999999999992 0.017857142857142929 
-0.24299000795613118 0.014858216365328731 
-0.24263459261580997 0.0072355049963093478 
-0.24706936386985737 8.3998203860105951e-017 
-0.23559999999999998 0.018457734913784659 
-0.2356 0.024957529657028778 
-0.23559999999999998 0.030677628149177877 
-0.2356 0.035721038421987178 
-0.24078517941454483 0.042562315433686021 
-0.2356 0.040548481377192434 
-0.24109395387829979 0.047695966744844331 
-0.24675536975522783 0.044526992478490686 
-0.25178478443325236 0.038877555636432762 
-0.24641210065754995 0.050487073472211597 
-0.27439543409513628 0.024776750796399277 
-0.26219245851422895 0.033384998497725728 
-0.28999999999999992 0.035714285714285775 
-0.23559999999999998 0.010559676868729582 
-0.2356 4.163336341827349e-017 
-0.23018902565059121 0.015097823443174374 
-0.23209999999999992 0.025000000000000008 
-0.22961869794953074 0.020253508813833455 
-0.23209999999999992 0.029428571428571436 
-0.22962712176716291 0.027637702690323368 
-0.23209999999999992 0.03385714285714285 
-0.23209999999999992 0.038285714285714263 
-0.2356 0.045375924332397698 
-0.23209999999999992 0.042714285714285684 
-0.2356 0.050203367287602954 
-0.24088403178005544 0.052936416480387612 
-0.24537537582378904 0.055449452656047268 
-0.25316711632995653 0.047553684578926302 
-0.26003151730079932 0.043262913111692419 
-0.25119675637797123 0.054759927894573387 
-0.2731136418666697 0.043101772506858177 
-0.28999999999999992 0.05357142857142861 
-0.22653387174951914 0.0086830678645979861 
-0.22212528095192169 0 
-0.2234506345937308 0.017504413062731677 
-0.22651313809471457 0.025000000000000015 
-0.22738512476924141 0.030584956366963761 
-0.22822012196316319 0.036029047348357532 
-0.22855764624469094 0.040254934676579021 
-0.23209999999999992 0.047142857142857097 
-0.22859742009020534 0.044756800692078949 
-0.23209999999999992 0.051571428571428518 
-0.2356 0.055260890949472119 
-0.2412228155253765 0.058521759772782046 
-0.24738251856490567 0.060597729743924293 
-0.26192967975927589 0.054315087123088635 
-0.2539968124360879 0.061474517816633698 
-0.2758824367220083 0.061505472320239715 
-0.28999999999999992 0.071428571428571452 
-0.21683460544749666 0.0098771616514330644 
-0.20600971527480927 0 
-0.21542217111087908 0.018403727086669708 
-0.21930990642623951 0.025000000000000012 
-0.22188078992718072 0.030460412952588407 
-0.22432367367450973 0.034444296166796826 
-0.22400987353419632 0.038703230938627486 
-0.2252330869726864 0.042619030199975774 
-0.22988934571545805 0.0532495754797239 
-0.22768247710656472 0.049943707798286087 
-0.22470096061617145 0.046192247067202562 
-0.23209999999999992 0.056000000000000022 
-0.2356 0.061552216315232881 
-0.24234035282044381 0.064880648913494959 
-0.2501629984057655 0.06850007141001431 
-0.24319581399984341 0.071262446006072261 
-0.26201935601724941 0.069441555963860452 
-0.27681927513319871 0.078366690120108176 
-0.28999999999999992 0.089285714285714288 
-0.28999999999999992 0.10714285714285711 
-0.093675633610050865 0.042579457258807289 
-0.18950192877930191 0 
-0.20752665224729999 0.014637060719183775 
-0.19827933294156416 0.01084060566485206 
-0.20998905683962843 0.025000000000000008 
-0.2145247215051716 0.03153238393581724 
-0.21933681842606931 0.036218511583776029 
-0.22024876062807208 0.043232564681769961 
-0.22642008010478679 0.056000000000000022 
-0.22156687749740955 0.049533576292137393 
-0.22969492288616453 0.063219911380387309 
-0.22238534414126715 0.062929076690385555 
-0.2356 0.069500000000000089 
-0.24024750389899835 0.078035188797204086 
-0.25072651827475151 0.078776166752418067 
-0.26301413175494759 0.083301390994543506 
-0.27333646251941252 0.097873475552692782 
-0.27759248243875506 0.11345177881871413 
-0.28999999999999992 0.12499999999999999 
-0.17190861123089654 0 
-0.093434254924379637 0.040902148955437131 
-0.092272831365196636 0.042412873302381256 
-0.095302908195974256 0.041742338819797144 
-0.093051625505720797 0.044216613552972656 
-0.094595697322695876 0.043470347271134441 
-0.18952555780876512 0.014310360311176652 
-0.1808717218343551 0.010711195373931875 
-0.17194448235502491 0.014245616558482716 
-0.16311562557536458 0.010717409628163057 
-0.15421952226056218 0.014341431582332559 
-0.19749677675413035 0.025000000000000008 
-0.20436300607396674 0.033611488999909456 
-0.21258501510315145 0.039044442625832544 
-0.21369127408747374 0.048111459473751658 
-0.21878376629471627 0.056000000000000015 
-0.21351913204977563 0.063029468054068102 
-0.21812504636412347 0.069500000000000103 
-0.22683478319198694 0.069500000000000117 
-0.23119336723522529 0.077988395526825932 
-0.23571709887108536 0.083954145133630947 
-0.2431800137347549 0.086113531516539596 
-0.25326581011170141 0.094778982578692397 
-0.26266627570326623 0.11224256139802065 
-0.27195967397109655 0.125 
-0.15408901064518993 0 
-0.13604840713224975 0.01446936961616789 
-0.14519005435764823 0.010762160239700091 
-0.091734728552025024 0.040137052713658576 
-0.098016935480064862 0.039921329294119047 
-0.09516887580103886 0.039706545715371529 
-0.09330241427678708 0.038815093430100853 
-0.089747806788984447 0.039962608040462998 
-0.090384436432370097 0.042198085514528472 
-0.092598841027903264 0.046415211672466532 
-0.091356309166633273 0.044443881818883403 
-0.096926052037615451 0.04387420442391346 
-0.094390000000000085 0.045959999999999966 
-0.093664594657639946 0.048137803632249676 
-0.11018642581137414 0.037546443133921345 
-0.099598366564023419 0.043542443997674006 
-0.10549999999999994 0.04029933881756749 
-0.10215430440625636 0.041937591727461462 
-0.11041600579555781 0.042579510963394233 
-0.18147802899778703 0.025000000000000008 
-0.16341650138514921 0.025000000000000005 
-0.14532392169075592 0.025000000000000001 
-0.1288935962821148 0.024999999999999998 
-0.19027800249509702 0.034754875588674523 
-0.20111594404819236 0.044721065099567227 
-0.20849671672540085 0.056000000000000022 
-0.20470366664966513 0.06297303714537715 
-0.20868743595965758 0.069500000000000103 
-0.21237156630425277 0.076603292832716691 
-0.22064844894723451 0.080566856567357376 
-0.22830640426370577 0.086102470936073247 
-0.23606645613380417 0.095128550797816042 
-0.24481768591713279 0.11043106815234462 
-0.2537798378938117 0.125 
-0.11286852637895352 0.032347422182927056 
-0.11630929248744823 0.024999999999999994 
-0.12459644133205627 0.011433853170592187 
-0.13626941005948329 0 
-0.088007258576331765 0.038937610291555187 
-0.10549999999999995 0.033824100899499832 
-0.10093650484398804 0.036920591032174509 
-0.090510235938022293 0.036991687682229268 
-0.095473446075860252 0.036222270261049926 
-0.088102374446173123 0.041548604000343471 
-0.089037571534181292 0.044469721968100645 
-0.091944478108714103 0.048627762704937946 
-0.09077000000000017 0.046879999999999887 
-0.085432404614233903 0.040028680153504088 
-0.097743393045353899 0.045959999999999966 
-0.09593353774794218 0.048429104600786248 
-0.092880477379125526 0.049671296042513746 
-0.094311652254795791 0.049819628264040225 
-0.09162140991630971 0.050508397408011829 
-0.12320761139269158 0.033658042906002869 
-0.11650782858220742 0.039055946158138309 
-0.11472458050020687 0.045118105775739173 
-0.10200000000000005 0.045959999999999966 
-0.10549999999999994 0.045710388099756652 
-0.11007719987955854 0.047746843795242466 
-0.17363772724374332 0.035370856602586903 
-0.15600773618829503 0.035267108719192641 
-0.13765505677073986 0.036249864448320568 
-0.1837485753852367 0.045525189008802425 
-0.19464901846702004 0.056000000000000015 
-0.19627248277375284 0.069500000000000103 
-0.20273467934776448 0.079156799873129596 
-0.21166222090248393 0.084292807723096219 
-0.21992464357130875 0.09453340867660176 
-0.22725353646694033 0.10998624859082971 
-0.2356 0.12499999999999999 
-0.10549999999999994 0.024999999999999991 
-0.11157960050645872 0.012845812318233967 
-0.11846082389160388 0 
-0.08648256749522179 0.036426342066504282 
-0.087741528002905259 0.033778235377580831 
-0.098787018002773272 0.029546351513752525 
-0.0915921374345397 0.031654286688468036 
-0.086002097719434345 0.043686836428803007 
-0.087590000000000112 0.046879999999999887 
-0.089362752638006263 0.049780578603807191 
-0.082752880015288424 0.042563575726914583 
-0.082541011896182667 0.038416544624114424 
-0.098716167381997247 0.049335152839806794 
-0.095988467820343898 0.051346946707921455 
-0.093108435580241927 0.051532004597764317 
-0.090701158082030164 0.052644142932018918 
-0.12370684741372734 0.046082816381666752 
-0.11532474040965315 0.050581761770404916 
-0.10936712262776101 0.051939925629231797 
-0.10200000000000004 0.050628193991665731 
-0.10549999999999994 0.050942027791660016 
-0.16684881114478742 0.045733868974993243 
-0.15009882805145236 0.046240059519377485 
-0.13764947896958971 0.048064758307031503 
-0.12910328327459744 0.056000000000000008 
-0.1777820333645849 0.056000000000000015 
-0.18038439963701361 0.069500000000000103 
-0.18815170515678883 0.082206649065657958 
-0.20242970534958526 0.093873567931747726 
-0.20975172953227361 0.10982446455030845 
-0.21736070439820654 0.12499999999999994 
-0.09736946932208923 0.021799811980344683 
-0.10126263478968524 0.015652894805361209 
-0.10083365797773855 0 
-0.083768369346231414 0.03405824187572435 
-0.086354329800511123 0.029760618574978168 
-0.090986203152127063 0.024844610260976053 
-0.083913175452932184 0.046412785686940419 
-0.085609999999999964 0.049999999999999899 
-0.087288187451420696 0.052926313895292551 
-0.079075122657861388 0.03626809954712349 
-0.080246681468333886 0.045896603500378892 
-0.079244089293610778 0.041399498177712338 
-0.098490659359616262 0.053677270816809564 
-0.093819879671607667 0.054999285028987245 
-0.089006283234594724 0.056118278058250301 
-0.11881623370528262 0.056000000000000008 
-0.11117991989521273 0.056000000000000015 
-0.10549999999999994 0.056000000000000008 
-0.10200000000000006 0.055620517368170835 
-0.15981796663541198 0.056000000000000008 
-0.14295098153297733 0.056000000000000015 
-0.12469355878501764 0.062623977755096483 
-0.13431298136033784 0.062596761685277627 
-0.16219041489422131 0.069500000000000103 
-0.17191633810598075 0.08282308786337568 
-0.18319897785150929 0.096326584809355575 
-0.19140035844217337 0.11013512507049532 
-0.199036566390837 0.12499999999999994 
-0.090311490665860694 0.013955203321633632 
-0.083937009472711294 0 
-0.080316669593850407 0.030439209003547477 
-0.082406723120505551 0.023417953500235022 
-0.081922101475190814 0.049999999999999899 
-0.083568251431100068 0.053267393635927064 
-0.085106035561372972 0.056221112645971953 
-0.074409386258154256 0.033678961882234112 
-0.074662292964789892 0.039899603322875427 
-0.077821354230316817 0.049999999999999899 
-0.076186546759208468 0.045352562344867217 
-0.08633419242201118 0.059081989485523054 
-0.097713923680472853 0.058738020513978868 
-0.091090351577678474 0.061087955661169667 
-0.11562777525457821 0.063028910538797833 
-0.10809150109856461 0.063034456096923291 
-0.10200000000000004 0.061641638288934458 
-0.11978255390254929 0.069500000000000103 
-0.14477013554547652 0.069500000000000103 
-0.13056794685239198 0.069500000000000103 
-0.15335979571280958 0.082779677228440596 
-0.16434422964168327 0.096723955136643947 
-0.17266412703321168 0.11068921927205888 
-0.18071242774394869 0.12499999999999996 
-0.066726081680510863 0 
-0.074301931391282494 0.014404514412946656 
-0.074107915285017659 0.026313008557274139 
-0.050000000000000003 0 
-0.068887709953903559 0.031885143929862664 
-0.079366546000137692 0.053922891780342187 
-0.081746998822549058 0.056365288077276234 
-0.082692300006562219 0.059567412723562481 
-0.068722678280980151 0.037916522155999173 
-0.070966638472747895 0.044155182271433349 
-0.075312692777735196 0.054429173584641471 
-0.073373057808554271 0.049999999999999899 
-0.084930047401810094 0.063948794624381328 
-0.096192455703888138 0.065121917532196941 
-0.089117168345580297 0.067470131055692023 
-0.11095895654638799 0.069500000000000103 
-0.10200000000000005 0.069500000000000103 
-0.12381082073425437 0.076776655814281128 
-0.11520396920710646 0.07729654089349916 
-0.13458137404319473 0.082839661838965212 
-0.14472317869284326 0.097061461608852928 
-0.15394047942289518 0.11094965061585853 
-0.16238828909706038 0.12499999999999994 
-0.058299228105813734 0.013093166824387435 
-0.064325071392409672 0.024052268614818909 
-0.043407803492803022 0.013145023911233546 
-0.033333333333333326 0 
-0.016666666666666653 0 
-0.061639792290518372 0.033847418224442163 
-0.078102595538747405 0.058583819780837633 
-0.080177820931727622 0.062514147731677447 
-0.080022349907302462 0.066302331631586414 
-0.073356832395197649 0.058846610510388864 
-0.06372279257898765 0.042615048162960273 
-0.067437728969998542 0.049999999999999899 
-0.069886115889793987 0.055246503687914048 
-0.083354651511217695 0.069788350967699808 
-0.093656840902682975 0.072217529522885751 
-0.087687218340045864 0.072357828966555807 
-0.10604963425228636 0.077550263198824146 
-0.097967374481485181 0.078345011885233892 
-0.12045231231672399 0.086885946814833664 
-0.11031744018467857 0.084288058226718837 
-0.1266992779170763 0.098127952337701912 
-0.13545890260135865 0.1112232732051542 
-0.14406415045017204 0.12499999999999996 
-0.051295119704145388 0.027310743999288099 
-0.037707997815424485 0.026245759378962362 
-0.024904670646833563 0.015221365924200861 
-0.01071579446336822 0.011345770999852796 
0 0 
-0.054051198453830912 0.040190267160818818 
-0.075141811804215836 0.064168379898019406 
-0.077303390283043255 0.070470514058871767 
-0.068340945965495753 0.061805175600531725 
-0.059434234921809943 0.049999999999999899 
-0.06323023628724829 0.056524603807715727 
-0.082532196537692018 0.075008607611879274 
-0.089214594666562966 0.077973859699856027 
-0.075871439203646251 0.076749504897562673 
-0.10129988218838633 0.086305776312195867 
-0.092236675254123518 0.084808340286678566 
-0.1094769072127378 0.096524418047164828 
-0.11758632319563103 0.11120060783386425 
-0.12574001180328373 0.12499999999999996 
-0.041505910142661195 0.038370451206092782 
-0.025329205501127151 0.034843501199637063 
-0.011969176107072987 0.025007931695465207 
0 0.016666666666666646 
-0.048641638152073403 0.049999999999999892 
-0.069128855334554359 0.071071059020538438 
-0.060159990585800037 0.065730688588786959 
-0.053755690430230686 0.058418219932222737 
-0.081207262483348308 0.08510583992590276 
-0.069277852777559587 0.082209666192480463 
-0.091751261745006585 0.096318566228554975 
-0.099377631483510462 0.11081660224403898 
-0.10741587315639541 0.12499999999999997 
-0.034093195124550515 0.049999999999999899 
-0.017028547170419715 0.049999999999999899 
-0.010865385755723969 0.038636953245687077 
0 0.033333333333333291 
-0.041371824058912827 0.060496041209353736 
-0.057806556722119783 0.076363483907516114 
-0.048698172146086398 0.070202064177886853 
-0.059103773566004381 0.086966801554860335 
-0.072265184535783053 0.096167944106999567 
-0.080980537443626946 0.11076761908092099 
-0.089091734509507067 0.12499999999999997 
-0.025655086617095785 0.062197706610292641 
-0.011669161489461427 0.061503012581299719 
1.7347234770107826e-018 0.049999999999999926 
-0.034105618945355694 0.074082727041680271 
-0.045691759778880132 0.084938986645743189 
-0.054728559069022881 0.098438063305019516 
-0.062629808415248553 0.11130260190593248 
-0.070767603972705942 0.12499999999999997 
-0.015662173659791643 0.077104457080653693 
4.4415806084095679e-018 0.068212899215552472 
-0.027600798525680398 0.089494218900356026 
-0.037239684627793319 0.10098567596566141 
-0.044585879015512864 0.11241337935663583 
-0.052701079738880781 0.12499999999999996 
-0.011605407727008297 0.095458774532423574 
5.4544008938315013e-018 0.087188061385233634 
-0.021600367677992994 0.10440750360529151 
-0.02849269452169997 0.11479823519604541 
-0.035483526420883177 0.12499999999999997 
-0.0086286355294863618 0.10895815793147731 
6.3083301707380003e-018 0.10318640457006546 
-0.01603498513628961 0.11674995910578538 
-0.020962813526167273 0.12499999999999997 
-0.0069327241331552034 0.11814162340745256 
6.9388939042949689e-018 0.11500000000000012 
-0.010000000000000061 0.12499999999999997 
7.8062556428003599e-018 0.12499999999999997 