8
9
11
18
21
22
23
24
25
26
27
37
39
44
46
47
73
75
77
79
87
90
98
100
114
115
116
117
118
121
122
123
125
127
134
137
145
149
150
153
167
168
169
176
178
179
182
185
189
192
193
212
216
230
235
238
242
249
251
274
277
278
288
292
297
306
307
308
309
310
312
320
321
322
323
325
333
334
338
354
355
360
361
364
365
366
367
375
387
391
395
398
403
422
424
427
434
435
436
452
454
456
457
461
466
479
481
488
489
490
491
492
507
510
513
518
526
531
542
544
545
546
547
548
549
551
569
576
577
578
579
581
584
586
593
598
610
619
642
646
648
650
653
654
661
666
677
678
681
682
702
707
710
712
713
735
755
756
762
784
801
808
843
849
878
885
909
917
935
945
962
970
974
985
986
987
998
999
1000
1001
1002
1003
1015
1043
1062
1077
1097
1104
1123
1129
1136
1137
1159
1166
1188
1190
1191
1192
1193
1217
1219
1220
1223
1228
1273
1274
1275
1278
1285
1291
1323
1326
1329
1335
1337
1338
1340
1366
1367
1371
1373
1379
1380
1381
1383
1384
1406
1412
1414
1416
1417
1423
1424
1427
1443
1449
1451
1457
1458
1461
1477
1478
1479
1481
1484
1485
1491
1492
1494
1502
1505
1518
1521
1522
1525
1526
1528
1536
1539
1546
1547
1548
1550
1558
1559
1561
1568
1569
1570
1571
1572
1585
1591
1594
1595
1601
1602
1607
1618
1621
1624
1627
1628
1634
1640
1646
1650
1651
1652
1655
1656
1660
1663
1679
1683
1684
1692
1696
1715
1719
1727
1731
1746
1749
1750
1751
1754
1764
1777
1778
1783
1784
1791
1793
1794
1803
1810
1811
1812
1813
1814
1815
1816
1818
1832
1833
1834
