1062 1123 : (-0.028752,0.050000) - (-0.010935,0.050000)
945 974 : (-0.062490,0.050000) - (-0.053905,0.050000)
1457 1491 : (0.117846,0.069500) - (0.128804,0.069500)
1417 1427 : (0.104890,0.028089) - (0.104890,0.021000)
8 9 : (-0.236210,-0.027896) - (-0.236210,-0.032465)
8 18 : (-0.236210,-0.027896) - (-0.236210,-0.023327)
1569 1570 : (0.234990,-0.069500) - (0.234990,-0.061342)
192 193 : (-0.236210,-0.069500) - (-0.227506,-0.069500)
201 260 : (-0.290610,-0.103920) - (-0.290610,-0.125000)
1501 1533 : (0.123089,0.125000) - (0.143918,0.125000)
1572 1602 : (0.234990,-0.049693) - (0.234990,-0.044679)
1402 1438 : (0.061549,0.125000) - (0.081431,0.125000)
1491 1525 : (0.128804,0.069500) - (0.142830,0.069500)
1813 1814 : (0.231490,0.038714) - (0.231490,0.043143)
970 999 : (0.052685,-0.050000) - (0.061270,-0.050000)
584 653 : (-0.106110,0.041868) - (-0.106110,0.036212)
1316 1362 : (0.094840,-0.125000) - (0.116494,-0.125000)
212 274 : (-0.106110,-0.049653) - (-0.106110,-0.048006)
334 398 : (-0.106110,-0.045931) - (-0.106110,-0.043317)
18 21 : (-0.236210,-0.023327) - (-0.236210,-0.018758)
387 391 : (-0.102610,-0.057231) - (-0.102610,-0.058982)
375 435 : (-0.198300,-0.069500) - (-0.184200,-0.069500)
1727 1746 : (0.219323,0.052000) - (0.226106,0.052000)
1679 1715 : (0.216780,0.069500) - (0.225892,0.069500)
1719 1751 : (0.234990,-0.019610) - (0.234990,-0.014390)
490 492 : (-0.142582,-0.069500) - (-0.132667,-0.069500)
319 381 : (-0.270109,-0.125000) - (-0.249282,-0.125000)
1660 1692 : (0.199787,0.052000) - (0.210776,0.052000)
619 642 : (-0.088200,-0.046880) - (-0.086220,-0.050000)
1291 1337 : (0.101390,0.058912) - (0.101390,0.054539)
661 666 : (-0.106110,-0.027533) - (-0.106110,-0.020871)
981 1022 : (-0.021885,0.125000) - (-0.010610,0.125000)
970 985 : (0.052685,-0.050000) - (0.041668,-0.050000)
1274 1275 : (0.104890,-0.047106) - (0.104890,-0.052000)
381 441 : (-0.249282,-0.125000) - (-0.228453,-0.125000)
992 1031 : (-0.000610,-0.115000) - (0.009390,-0.115000)
22 23 : (-0.232832,-0.029765) - (-0.232832,-0.025318)
1366 1367 : (0.104890,-0.036154) - (0.104890,-0.029379)
1312 1359 : (0.032306,0.125000) - (0.045266,0.125000)
114 115 : (-0.236210,0.000000) - (-0.236210,0.008203)
1764 1794 : (0.226132,0.021000) - (0.231490,0.021000)
1715 1749 : (0.225892,0.069500) - (0.234990,0.069500)
87 134 : (-0.232832,-0.052000) - (-0.227519,-0.052000)
1505 1539 : (0.225697,-0.052000) - (0.231300,-0.052000)
1667 1699 : (0.227233,0.125000) - (0.248062,0.125000)
518 586 : (-0.144423,0.021000) - (-0.129233,0.021000)
121 123 : (-0.232710,0.034286) - (-0.232710,0.038714)
952 954 : (-0.053916,0.125000) - (-0.036160,0.125000)
1228 1285 : (0.093780,0.045960) - (0.097195,0.045960)
551 619 : (-0.091380,-0.046880) - (-0.088200,-0.046880)
249 308 : (-0.212087,-0.052000) - (-0.200974,-0.052000)
1335 1338 : (0.101390,0.045960) - (0.101390,0.050185)
954 981 : (-0.036160,0.125000) - (-0.021885,0.125000)
1793 1816 : (0.234990,0.014717) - (0.234990,0.019842)
1816 1818 : (0.234990,0.019842) - (0.234990,0.024812)
1745 1776 : (0.289390,-0.040680) - (0.289390,-0.019604)
1383 1423 : (0.101390,0.069500) - (0.109077,0.069500)
365 366 : (-0.136538,-0.052000) - (-0.145432,-0.052000)
1546 1548 : (0.184369,-0.052000) - (0.198591,-0.052000)
673 729 : (-0.204326,0.125000) - (-0.182673,0.125000)
306 307 : (-0.123965,-0.052000) - (-0.129514,-0.052000)
1380 1381 : (0.104890,0.043027) - (0.104890,0.047513)
109 162 : (-0.290610,0.000000) - (-0.290610,0.019604)
470 536 : (-0.269286,0.125000) - (-0.247633,0.125000)
1404 1441 : (0.138147,-0.125000) - (0.159800,-0.125000)
354 361 : (-0.236210,0.069500) - (-0.227290,0.069500)
1744 1775 : (0.289390,0.103920) - (0.289390,0.082840)
1807 1822 : (0.244784,0.000000) - (0.257049,0.000000)
1278 1329 : (0.101390,-0.069500) - (0.109681,-0.069500)
137 192 : (-0.236210,-0.061758) - (-0.236210,-0.069500)
307 365 : (-0.129514,-0.052000) - (-0.136538,-0.052000)
1449 1485 : (0.135923,-0.052000) - (0.149407,-0.052000)
1367 1406 : (0.104890,-0.029379) - (0.104890,-0.020861)
610 677 : (-0.182052,0.069500) - (-0.163704,0.069500)
1511 1545 : (0.203106,-0.125000) - (0.224760,-0.125000)
1559 1594 : (0.150495,0.052000) - (0.168190,0.052000)
150 185 : (-0.111227,-0.052000) - (-0.113387,-0.052000)
1379 1416 : (0.104890,0.038540) - (0.104890,0.033837)
1371 1412 : (0.116870,-0.052000) - (0.125207,-0.052000)
39 79 : (-0.236210,-0.013872) - (-0.236210,-0.007742)
242 277 : (-0.201738,-0.020871) - (-0.188024,-0.020871)
1136 1137 : (0.081259,0.050000) - (0.076869,0.050000)
333 395 : (-0.102610,-0.045960) - (-0.100344,-0.045960)
985 986 : (0.041668,-0.050000) - (0.027532,-0.050000)
123 176 : (-0.232710,0.038714) - (-0.232710,0.043143)
176 179 : (-0.232710,0.043143) - (-0.232710,0.047571)
1663 1696 : (0.200061,0.021000) - (0.210938,0.021000)
9 11 : (-0.236210,-0.032465) - (-0.236210,-0.037035)
1545 1579 : (0.224760,-0.125000) - (0.246413,-0.125000)
325 387 : (-0.102610,-0.055480) - (-0.102610,-0.057231)
625 688 : (-0.165967,-0.125000) - (-0.145138,-0.125000)
1700 1709 : (0.268889,0.125000) - (0.289390,0.125000)
46 87 : (-0.232832,-0.047553) - (-0.232832,-0.052000)
917 945 : (-0.069179,0.050000) - (-0.062490,0.050000)
678 681 : (-0.145997,0.069500) - (-0.131507,0.069500)
1097 1159 : (0.090160,-0.046880) - (0.093780,-0.045960)
1427 1461 : (0.104890,0.021000) - (0.113837,0.021000)
1749 1750 : (0.234990,0.069500) - (0.234990,0.061201)
1438 1470 : (0.081431,0.125000) - (0.102260,0.125000)
1191 1193 : (0.064012,0.050000) - (0.054739,0.050000)
251 312 : (-0.218790,-0.069500) - (-0.209645,-0.069500)
1571 1572 : (0.234990,-0.054897) - (0.234990,-0.049693)
598 666 : (-0.114349,-0.020871) - (-0.106110,-0.020871)
743 792 : (-0.124309,-0.125000) - (-0.103480,-0.125000)
1492 1526 : (0.125604,0.052000) - (0.136593,0.052000)
935 962 : (-0.028865,-0.050000) - (-0.010271,-0.050000)
75 122 : (-0.236210,0.034685) - (-0.236210,0.039665)
1692 1727 : (0.210776,0.052000) - (0.219323,0.052000)
37 77 : (-0.232832,-0.020871) - (-0.227587,-0.020871)
735 784 : (-0.111006,0.069500) - (-0.102610,0.069500)
895 925 : (-0.096060,0.125000) - (-0.074411,0.125000)
1815 1834 : (0.234990,0.044688) - (0.234990,0.039719)
1104 1166 : (0.086980,0.046880) - (0.090160,0.046880)
1677 1711 : (0.289390,-0.082840) - (0.289390,-0.061760)
999 1000 : (0.061270,-0.050000) - (0.067959,-0.050000)
1137 1190 : (0.076869,0.050000) - (0.071238,0.050000)
278 306 : (-0.119583,-0.052000) - (-0.123965,-0.052000)
320 321 : (-0.102610,-0.048131) - (-0.102610,-0.050133)
873 879 : (-0.046486,-0.125000) - (-0.033526,-0.125000)
1451 1484 : (0.143992,-0.069500) - (0.161392,-0.069500)
870 873 : (-0.062769,-0.125000) - (-0.046486,-0.125000)
1441 1476 : (0.159800,-0.125000) - (0.181453,-0.125000)
1412 1449 : (0.125207,-0.052000) - (0.135923,-0.052000)
24 26 : (-0.232832,-0.034212) - (-0.232832,-0.038659)
1711 1745 : (0.289390,-0.061760) - (0.289390,-0.040680)
702 755 : (-0.082479,-0.050000) - (-0.078089,-0.050000)
116 118 : (-0.236210,0.029705) - (-0.236210,0.024725)
424 481 : (-0.218358,0.069500) - (-0.208904,0.069500)
1478 1479 : (0.179804,-0.069500) - (0.195138,-0.069500)
1037 1089 : (0.009390,-0.125000) - (0.020665,-0.125000)
578 584 : (-0.106110,0.047119) - (-0.106110,0.041868)
1340 1383 : (0.101390,0.063679) - (0.101390,0.069500)
681 682 : (-0.131507,0.069500) - (-0.120157,0.069500)
1329 1373 : (0.109681,-0.069500) - (0.118697,-0.069500)
1632 1667 : (0.206404,0.125000) - (0.227233,0.125000)
391 452 : (-0.102610,-0.058982) - (-0.102610,-0.060832)
1186 1199 : (0.009390,0.115000) - (0.009390,0.125000)
861 895 : (-0.117714,0.125000) - (-0.096060,0.125000)
1525 1558 : (0.142830,0.069500) - (0.160325,0.069500)
1614 1645 : (0.289390,-0.125000) - (0.289390,-0.103920)
308 310 : (-0.200974,-0.052000) - (-0.186913,-0.052000)
1285 1335 : (0.097195,0.045960) - (0.101390,0.045960)
1821 1822 : (0.272436,0.000000) - (0.257049,0.000000)
909 935 : (-0.044059,-0.050000) - (-0.028865,-0.050000)
1526 1559 : (0.136593,0.052000) - (0.150495,0.052000)
98 100 : (-0.107110,-0.052000) - (-0.108174,-0.052000)
1031 1037 : (0.009390,-0.115000) - (0.009390,-0.125000)
479 542 : (-0.201007,0.052000) - (-0.187105,0.052000)
1123 1129 : (-0.010935,0.050000) - (0.009051,0.050000)
531 598 : (-0.124237,-0.020871) - (-0.114349,-0.020871)
1651 1684 : (0.234990,-0.029637) - (0.234990,-0.024623)
1621 1652 : (0.196159,-0.020861) - (0.208433,-0.020861)
653 712 : (-0.106110,0.036212) - (-0.106110,0.029469)
361 424 : (-0.227290,0.069500) - (-0.218358,0.069500)
162 224 : (-0.290610,0.019604) - (-0.290610,0.040680)
145 153 : (-0.106110,-0.052000) - (-0.106110,-0.050961)
167 168 : (-0.232710,0.025429) - (-0.232710,0.029857)
185 216 : (-0.113387,-0.052000) - (-0.116121,-0.052000)
1566 1600 : (0.164747,0.125000) - (0.185575,0.125000)
149 150 : (-0.109522,-0.052000) - (-0.111227,-0.052000)
1470 1501 : (0.102260,0.125000) - (0.123089,0.125000)
1518 1550 : (0.142402,-0.020861) - (0.160802,-0.020861)
200 201 : (-0.290610,-0.082840) - (-0.290610,-0.103920)
586 654 : (-0.129233,0.021000) - (-0.116918,0.021000)
1258 1312 : (0.020191,0.125000) - (0.032306,0.125000)
1802 1821 : (0.289390,0.000000) - (0.272436,0.000000)
498 559 : (-0.207624,-0.125000) - (-0.186795,-0.125000)
23 37 : (-0.232832,-0.025318) - (-0.232832,-0.020871)
1159 1217 : (0.093780,-0.045960) - (0.097195,-0.045960)
454 489 : (-0.111975,-0.069500) - (-0.117588,-0.069500)
1602 1634 : (0.234990,-0.044679) - (0.234990,-0.039665)
1558 1591 : (0.160325,0.069500) - (0.179135,0.069500)
235 288 : (-0.236210,0.054757) - (-0.236210,0.061182)
998 1003 : (0.081259,-0.050000) - (0.085000,-0.050000)
1650 1683 : (0.231300,-0.026051) - (0.231300,-0.020861)
1539 1568 : (0.231300,-0.052000) - (0.231300,-0.046810)
1591 1624 : (0.179135,0.069500) - (0.194821,0.069500)
1190 1191 : (0.071238,0.050000) - (0.064012,0.050000)
1199 1258 : (0.009390,0.125000) - (0.020191,0.125000)
1810 1811 : (0.231490,0.025429) - (0.231490,0.029857)
879 911 : (-0.033526,-0.125000) - (-0.021411,-0.125000)
60 63 : (-0.258092,0.000000) - (-0.273512,0.000000)
44 46 : (-0.232832,-0.043106) - (-0.232832,-0.047553)
121 168 : (-0.232710,0.034286) - (-0.232710,0.029857)
1580 1614 : (0.268066,-0.125000) - (0.289390,-0.125000)
360 422 : (-0.220543,0.052000) - (-0.211996,0.052000)
1521 1546 : (0.166543,-0.052000) - (0.184369,-0.052000)
62 109 : (-0.290610,-0.019604) - (-0.290610,0.000000)
642 702 : (-0.086220,-0.050000) - (-0.082479,-0.050000)
576 577 : (-0.098415,0.045960) - (-0.102610,0.045960)
1406 1443 : (0.104890,-0.020861) - (0.115534,-0.020861)
1746 1777 : (0.226106,0.052000) - (0.231490,0.052000)
1384 1424 : (0.104890,0.052000) - (0.110274,0.052000)
366 367 : (-0.145432,-0.052000) - (-0.156692,-0.052000)
348 349 : (-0.290610,0.082840) - (-0.290610,0.103920)
338 403 : (-0.170510,-0.020871) - (-0.151782,-0.020871)
911 939 : (-0.021411,-0.125000) - (-0.010610,-0.125000)
1607 1618 : (0.231300,-0.036431) - (0.231300,-0.031241)
1147 1206 : (0.034940,-0.125000) - (0.052696,-0.125000)
1166 1228 : (0.090160,0.046880) - (0.093780,0.045960)
491 492 : (-0.124382,-0.069500) - (-0.132667,-0.069500)
1640 1651 : (0.234990,-0.034651) - (0.234990,-0.029637)
1783 1807 : (0.234990,0.000000) - (0.244784,0.000000)
801 843 : (-0.072458,-0.050000) - (-0.065232,-0.050000)
169 230 : (-0.232710,0.021000) - (-0.227087,0.021000)
1373 1414 : (0.118697,-0.069500) - (0.129823,-0.069500)
576 581 : (-0.098415,0.045960) - (-0.095000,0.045960)
544 610 : (-0.197102,0.069500) - (-0.182052,0.069500)
593 661 : (-0.106110,-0.032781) - (-0.106110,-0.027533)
65 114 : (-0.245908,0.000000) - (-0.236210,0.000000)
1476 1511 : (0.181453,-0.125000) - (0.203106,-0.125000)
878 909 : (-0.055959,-0.050000) - (-0.044059,-0.050000)
1750 1778 : (0.234990,0.061201) - (0.234990,0.054783)
1775 1801 : (0.289390,0.082840) - (0.289390,0.061760)
1628 1663 : (0.186329,0.021000) - (0.200061,0.021000)
1783 1784 : (0.234990,0.000000) - (0.234990,0.008299)
1291 1340 : (0.101390,0.058912) - (0.101390,0.063679)
309 367 : (-0.170947,-0.052000) - (-0.156692,-0.052000)
1731 1764 : (0.219399,0.021000) - (0.226132,0.021000)
1494 1528 : (0.123881,0.021000) - (0.135731,0.021000)
885 917 : (-0.074392,0.050000) - (-0.069179,0.050000)
73 117 : (-0.236210,0.014604) - (-0.236210,0.019745)
986 987 : (0.027532,-0.050000) - (0.009715,-0.050000)
1188 1192 : (0.027645,0.050000) - (0.042839,0.050000)
1547 1548 : (0.209892,-0.052000) - (0.198591,-0.052000)
127 182 : (-0.220945,-0.020871) - (-0.212535,-0.020871)
526 593 : (-0.106110,-0.036915) - (-0.106110,-0.032781)
216 278 : (-0.116121,-0.052000) - (-0.119583,-0.052000)
1206 1264 : (0.052696,-0.125000) - (0.073191,-0.125000)
179 238 : (-0.232710,0.047571) - (-0.232710,0.052000)
1217 1273 : (0.097195,-0.045960) - (0.101390,-0.045960)
21 39 : (-0.236210,-0.018758) - (-0.236210,-0.013872)
1699 1700 : (0.248062,0.125000) - (0.268889,0.125000)
1337 1338 : (0.101390,0.054539) - (0.101390,0.050185)
1823 1824 : (0.289390,0.040680) - (0.289390,0.019604)
25 27 : (-0.236210,-0.041604) - (-0.236210,-0.046173)
578 648 : (-0.106110,0.047119) - (-0.106110,0.052000)
1561 1595 : (0.150656,0.021000) - (0.168865,0.021000)
581 650 : (-0.095000,0.045960) - (-0.091380,0.046880)
153 212 : (-0.106110,-0.050961) - (-0.106110,-0.049653)
1502 1536 : (0.216851,-0.069500) - (0.225927,-0.069500)
1801 1823 : (0.289390,0.061760) - (0.289390,0.040680)
1550 1585 : (0.160802,-0.020861) - (0.180429,-0.020861)
481 544 : (-0.208904,0.069500) - (-0.197102,0.069500)
1022 1066 : (-0.010610,0.125000) - (-0.010610,0.115000)
1778 1803 : (0.234990,0.054783) - (0.234990,0.049658)
1003 1043 : (0.085000,-0.050000) - (0.086980,-0.046880)
457 488 : (-0.097671,-0.045960) - (-0.095000,-0.045960)
427 456 : (-0.182885,0.021000) - (-0.163253,0.021000)
1000 1001 : (0.067959,-0.050000) - (0.073172,-0.050000)
238 297 : (-0.232710,0.052000) - (-0.227326,0.052000)
1461 1494 : (0.113837,0.021000) - (0.123881,0.021000)
321 322 : (-0.102610,-0.050133) - (-0.102610,-0.051978)
349 411 : (-0.290610,0.103920) - (-0.290610,0.125000)
1579 1580 : (0.246413,-0.125000) - (0.268066,-0.125000)
1077 1104 : (0.085000,0.050000) - (0.086980,0.046880)
825 861 : (-0.139367,0.125000) - (-0.117714,0.125000)
1656 1683 : (0.225465,-0.020861) - (0.231300,-0.020861)
836 870 : (-0.082651,-0.125000) - (-0.062769,-0.125000)
1275 1326 : (0.104890,-0.052000) - (0.110210,-0.052000)
1219 1273 : (0.101390,-0.050774) - (0.101390,-0.045960)
577 646 : (-0.102610,0.045960) - (-0.102610,0.050774)
297 360 : (-0.227326,0.052000) - (-0.220543,0.052000)
729 780 : (-0.182673,0.125000) - (-0.161020,0.125000)
542 545 : (-0.187105,0.052000) - (-0.169410,0.052000)
548 579 : (-0.118277,0.052000) - (-0.111494,0.052000)
559 625 : (-0.186795,-0.125000) - (-0.165967,-0.125000)
90 137 : (-0.236210,-0.055628) - (-0.236210,-0.061758)
1323 1366 : (0.104890,-0.041836) - (0.104890,-0.036154)
260 319 : (-0.290610,-0.125000) - (-0.270109,-0.125000)
843 878 : (-0.065232,-0.050000) - (-0.055959,-0.050000)
134 189 : (-0.227519,-0.052000) - (-0.220740,-0.052000)
1192 1193 : (0.042839,0.050000) - (0.054739,0.050000)
962 987 : (-0.010271,-0.050000) - (0.009715,-0.050000)
441 498 : (-0.228453,-0.125000) - (-0.207624,-0.125000)
452 507 : (-0.102610,-0.060832) - (-0.102610,-0.063119)
435 436 : (-0.184200,-0.069500) - (-0.168115,-0.069500)
545 546 : (-0.169410,0.052000) - (-0.151715,0.052000)
1264 1316 : (0.073191,-0.125000) - (0.094840,-0.125000)
755 801 : (-0.078089,-0.050000) - (-0.072458,-0.050000)
1043 1097 : (0.086980,-0.046880) - (0.090160,-0.046880)
546 547 : (-0.151715,0.052000) - (-0.137813,0.052000)
925 952 : (-0.074411,0.125000) - (-0.053916,0.125000)
97 144 : (-0.290610,-0.040680) - (-0.290610,-0.061760)
488 551 : (-0.095000,-0.045960) - (-0.091380,-0.046880)
710 762 : (-0.088200,0.046880) - (-0.086220,0.050000)
79 114 : (-0.236210,-0.007742) - (-0.236210,0.000000)
1601 1607 : (0.231300,-0.041620) - (0.231300,-0.036431)
688 743 : (-0.145138,-0.125000) - (-0.124309,-0.125000)
230 292 : (-0.227087,0.021000) - (-0.219823,0.021000)
98 145 : (-0.107110,-0.052000) - (-0.106110,-0.052000)
707 756 : (-0.102610,0.055945) - (-0.102610,0.061938)
1423 1457 : (0.109077,0.069500) - (0.117846,0.069500)
434 436 : (-0.154050,-0.069500) - (-0.168115,-0.069500)
762 808 : (-0.086220,0.050000) - (-0.082479,0.050000)
182 242 : (-0.212535,-0.020871) - (-0.201738,-0.020871)
75 116 : (-0.236210,0.034685) - (-0.236210,0.029705)
1634 1640 : (0.234990,-0.039665) - (0.234990,-0.034651)
274 334 : (-0.106110,-0.048006) - (-0.106110,-0.045931)
792 836 : (-0.103480,-0.125000) - (-0.082651,-0.125000)
411 470 : (-0.290610,0.125000) - (-0.269286,0.125000)
403 466 : (-0.151782,-0.020871) - (-0.136689,-0.020871)
654 713 : (-0.116918,0.021000) - (-0.106110,0.021000)
117 118 : (-0.236210,0.019745) - (-0.236210,0.024725)
1326 1371 : (0.110210,-0.052000) - (0.116870,-0.052000)
1505 1522 : (0.225697,-0.052000) - (0.218682,-0.052000)
288 354 : (-0.236210,0.061182) - (-0.236210,0.069500)
466 531 : (-0.136689,-0.020871) - (-0.124237,-0.020871)
1811 1812 : (0.231490,0.029857) - (0.231490,0.034286)
285 348 : (-0.290610,0.061760) - (-0.290610,0.082840)
536 604 : (-0.247633,0.125000) - (-0.225980,0.125000)
320 333 : (-0.102610,-0.048131) - (-0.102610,-0.045960)
1522 1547 : (0.218682,-0.052000) - (0.209892,-0.052000)
189 249 : (-0.220740,-0.052000) - (-0.212087,-0.052000)
1812 1813 : (0.231490,0.034286) - (0.231490,0.038714)
323 325 : (-0.102610,-0.053729) - (-0.102610,-0.055480)
1485 1521 : (0.149407,-0.052000) - (0.166543,-0.052000)
395 457 : (-0.100344,-0.045960) - (-0.097671,-0.045960)
1645 1677 : (0.289390,-0.103920) - (0.289390,-0.082840)
193 251 : (-0.227506,-0.069500) - (-0.218790,-0.069500)
1220 1223 : (0.101390,-0.055945) - (0.101390,-0.061938)
309 310 : (-0.170947,-0.052000) - (-0.186913,-0.052000)
1618 1650 : (0.231300,-0.031241) - (0.231300,-0.026051)
178 235 : (-0.236210,0.049625) - (-0.236210,0.054757)
780 825 : (-0.161020,0.125000) - (-0.139367,0.125000)
1533 1566 : (0.143918,0.125000) - (0.164747,0.125000)
1416 1417 : (0.104890,0.033837) - (0.104890,0.028089)
422 479 : (-0.211996,0.052000) - (-0.201007,0.052000)
677 678 : (-0.163704,0.069500) - (-0.145997,0.069500)
1223 1278 : (0.101390,-0.061938) - (0.101390,-0.069500)
965 992 : (-0.010610,-0.115000) - (-0.000610,-0.115000)
507 513 : (-0.102610,-0.063119) - (-0.102610,-0.065963)
1585 1621 : (0.180429,-0.020861) - (0.196159,-0.020861)
1818 1832 : (0.234990,0.024812) - (0.234990,0.029781)
1777 1791 : (0.231490,0.052000) - (0.231490,0.047571)
1129 1188 : (0.009051,0.050000) - (0.027645,0.050000)
100 149 : (-0.108174,-0.052000) - (-0.109522,-0.052000)
63 109 : (-0.273512,0.000000) - (-0.290610,0.000000)
510 569 : (-0.107025,-0.069500) - (-0.102610,-0.069500)
650 710 : (-0.091380,0.046880) - (-0.088200,0.046880)
125 178 : (-0.236210,0.044645) - (-0.236210,0.049625)
292 355 : (-0.219823,0.021000) - (-0.210449,0.021000)
1414 1451 : (0.129823,-0.069500) - (0.143992,-0.069500)
144 200 : (-0.290610,-0.061760) - (-0.290610,-0.082840)
1696 1731 : (0.210938,0.021000) - (0.219399,0.021000)
998 1002 : (0.081259,-0.050000) - (0.077310,-0.050000)
27 47 : (-0.236210,-0.046173) - (-0.236210,-0.050742)
277 338 : (-0.188024,-0.020871) - (-0.170510,-0.020871)
1089 1147 : (0.020665,-0.125000) - (0.034940,-0.125000)
1802 1824 : (0.289390,0.000000) - (0.289390,0.019604)
513 569 : (-0.102610,-0.065963) - (-0.102610,-0.069500)
1481 1518 : (0.127604,-0.020861) - (0.142402,-0.020861)
1274 1323 : (0.104890,-0.047106) - (0.104890,-0.041836)
454 510 : (-0.111975,-0.069500) - (-0.107025,-0.069500)
547 549 : (-0.137813,0.052000) - (-0.126824,0.052000)
1784 1793 : (0.234990,0.008299) - (0.234990,0.014717)
364 427 : (-0.198407,0.021000) - (-0.182885,0.021000)
1477 1502 : (0.207182,-0.069500) - (0.216851,-0.069500)
646 707 : (-0.102610,0.050774) - (-0.102610,0.055945)
1001 1002 : (0.073172,-0.050000) - (0.077310,-0.050000)
11 25 : (-0.236210,-0.037035) - (-0.236210,-0.041604)
489 491 : (-0.117588,-0.069500) - (-0.124382,-0.069500)
1709 1744 : (0.289390,0.125000) - (0.289390,0.103920)
322 323 : (-0.102610,-0.051978) - (-0.102610,-0.053729)
548 549 : (-0.118277,0.052000) - (-0.126824,0.052000)
1359 1402 : (0.045266,0.125000) - (0.061549,0.125000)
1379 1380 : (0.104890,0.038540) - (0.104890,0.043027)
398 461 : (-0.106110,-0.043317) - (-0.106110,-0.040230)
939 965 : (-0.010610,-0.125000) - (-0.010610,-0.115000)
1362 1404 : (0.116494,-0.125000) - (0.138147,-0.125000)
1833 1834 : (0.234990,0.034750) - (0.234990,0.039719)
1600 1632 : (0.185575,0.125000) - (0.206404,0.125000)
461 526 : (-0.106110,-0.040230) - (-0.106110,-0.036915)
1477 1479 : (0.207182,-0.069500) - (0.195138,-0.069500)
1655 1656 : (0.217997,-0.020861) - (0.225465,-0.020861)
1684 1719 : (0.234990,-0.024623) - (0.234990,-0.019610)
1219 1220 : (0.101390,-0.050774) - (0.101390,-0.055945)
1776 1802 : (0.289390,-0.019604) - (0.289390,0.000000)
1077 1136 : (0.085000,0.050000) - (0.081259,0.050000)
1066 1126 : (-0.010610,0.115000) - (-0.000610,0.115000)
808 849 : (-0.082479,0.050000) - (-0.078530,0.050000)
1126 1186 : (-0.000610,0.115000) - (0.009390,0.115000)
1791 1814 : (0.231490,0.047571) - (0.231490,0.043143)
1624 1646 : (0.194821,0.069500) - (0.207071,0.069500)
1754 1783 : (0.234990,-0.007987) - (0.234990,0.000000)
1832 1833 : (0.234990,0.029781) - (0.234990,0.034750)
1652 1655 : (0.208433,-0.020861) - (0.217997,-0.020861)
1803 1815 : (0.234990,0.049658) - (0.234990,0.044688)
224 285 : (-0.290610,0.040680) - (-0.290610,0.061760)
1443 1481 : (0.115534,-0.020861) - (0.127604,-0.020861)
1646 1679 : (0.207071,0.069500) - (0.216780,0.069500)
604 673 : (-0.225980,0.125000) - (-0.204326,0.125000)
1478 1484 : (0.179804,-0.069500) - (0.161392,-0.069500)
47 90 : (-0.236210,-0.050742) - (-0.236210,-0.055628)
1528 1561 : (0.135731,0.021000) - (0.150656,0.021000)
77 127 : (-0.227587,-0.020871) - (-0.220945,-0.020871)
60 65 : (-0.258092,0.000000) - (-0.245908,0.000000)
312 375 : (-0.209645,-0.069500) - (-0.198300,-0.069500)
1751 1754 : (0.234990,-0.014390) - (0.234990,-0.007987)
579 648 : (-0.111494,0.052000) - (-0.106110,0.052000)
355 364 : (-0.210449,0.021000) - (-0.198407,0.021000)
122 125 : (-0.236210,0.039665) - (-0.236210,0.044645)
1594 1627 : (0.168190,0.052000) - (0.185885,0.052000)
1794 1810 : (0.231490,0.021000) - (0.231490,0.025429)
756 784 : (-0.102610,0.061938) - (-0.102610,0.069500)
1458 1492 : (0.117057,0.052000) - (0.125604,0.052000)
1595 1628 : (0.168865,0.021000) - (0.186329,0.021000)
974 1015 : (-0.053905,0.050000) - (-0.042888,0.050000)
26 44 : (-0.232832,-0.038659) - (-0.232832,-0.043106)
1627 1660 : (0.185885,0.052000) - (0.199787,0.052000)
167 169 : (-0.232710,0.025429) - (-0.232710,0.021000)
1015 1062 : (-0.042888,0.050000) - (-0.028752,0.050000)
1536 1569 : (0.225927,-0.069500) - (0.234990,-0.069500)
1570 1571 : (0.234990,-0.061342) - (0.234990,-0.054897)
1568 1601 : (0.231300,-0.046810) - (0.231300,-0.041620)
712 713 : (-0.106110,0.029469) - (-0.106110,0.021000)
1381 1384 : (0.104890,0.047513) - (0.104890,0.052000)
456 518 : (-0.163253,0.021000) - (-0.144423,0.021000)
849 885 : (-0.078530,0.050000) - (-0.074392,0.050000)
62 97 : (-0.290610,-0.019604) - (-0.290610,-0.040680)
22 24 : (-0.232832,-0.029765) - (-0.232832,-0.034212)
73 115 : (-0.236210,0.014604) - (-0.236210,0.008203)
1424 1458 : (0.110274,0.052000) - (0.117057,0.052000)
682 735 : (-0.120157,0.069500) - (-0.111006,0.069500)
434 490 : (-0.154050,-0.069500) - (-0.142582,-0.069500)
